00000000000000000000000000000000000000000000000000000000000000000000000000000000000000000000000000000000000000000000000000000000000000000000000000000000000000000000000000000000000000000000000000000000
00000000000000000000000000000000000000000000000000000000000000000000000000000000000000000000000000000000000000000000000000000000000000000000000000000000000000000000000000000000000000000000000000000000
00000000000000000000000000000000000000000000000000000000000000000000000000000000000000000000000000000000000000000000000000000000000000000000000000000000000000000000000000000000000000000000000000000000
00000000000000000000000000000000000000000000000000000000000000000000000000000000000000000000000000000000000000000000000000000000000000000000000000000000000000000000000000000000000000000000000000000000
00000000000000000000000000000000000000000000000000000000000000000000000000000000000000000000000000000000000000000000000000000000000000000000000000000000000000000000000000000000000000000000000000000000
00000000000000000000000000000000000000000000000000000000000000000000000000000000000000000000000000000000000000000000000000000000000000000000000000000000000000000000000000000000000000000000000000000000
00000000000000000000000000000000000000000000000000000000000000000000000000000000000000000000000000000000000000000000000000000000000000000000000000000000000000000000000000000000000000000000000000000000
00000000000000000000000000000000000000000000000000000000000000000000000000000000000000000000000000000000000000000000000000000000000000000000000000000000000000000000000000000000000000000000000000000000
00000000000000000000000000000000000000000000000000000000000000000000000000000000000000000000000000000000000000000000000000000000000000000000000000000000000000000000000000000000000000000000000000000000
00000000000000000000000000000000000000000000000000000000000000000000000000000000000000000000000000000000000000000000000000000000000000000000000000000000000000000000000000000000000000000000000000000000
00000000000000000000000000000000000000000000000000000000000000000000000000000000000000000000000000000000000000000000000000000000000000000000000000000000000000000000000000000000000000000000000000000000
00000000000000000000000000000000000000000000000000000000000000000000000000000000000000000000000000000000000000000000000000000000000000000000000000000000000000000000000000000000000000000000000000000000
00000000000000000000000000000000000000000000000000000000000000000000000000000000000000000000000000000000000000000000000000000000000000000000000000000000000000000000000000000000000000000000000000000000
00000000000000000000000000000000000000000000000000000000000000000000000000000000000000000000000000000000000000000000000000000000000000000000000000000000000000000000000000000000000000000000000000000000
00000000000000000000000000000000000000000000000000000000000000000000000000000000000000000000000000000000000000000000000000000000000000000000000000000000000000000000000000000000000000000000000000000000
00000000000000000000000000000000000000000000000000000000000000000000000000000000000000000000000000000000000000000000000000000000000000000000000000000000000000000000000000000000000000000000000000000000
00000000000000000000000000000000000000000000000000000000000000000000000000000000000000000000000000000000000000000000000000000000000000000000000000000000000000000000000000000000000000000000000000000000
00000000000000000000000000000000000000000000000000000000000000000000000000000000000000000000000000000000000000000000000000000000000000000000000000000000000000000000000000000000000000000000000000000000
00000000000000000000000000000000000000000000000000000000000000000000000000000000000000000000000000000000000000000000000000000000000000000000000000000000000000000000000000000000000000000000000000000000
00000000000000000000000000000000000000000000000000000000000000000000000000000000000000000000000000000000000000000000000000000000000000000000000000000000000000000000000000000000000000000000000000000000
00000000000000000000000000000000000000000000000000000000000000000000000000000000000000000000000000000000000000000000000000000000000000000000000000000000000000000000000000000000000000000000000000000000
00000000000000000000000000000000000000000000000000000000000000000000000000000000000000000000000000000000000000000000000000000000000000000000000000000000000000000000000000000000000000000000000000000000
00000000000000000000000000000000000000000000000000000000000000000000000000000000000000000000000000000000000000000000000000000000000000000000000000000000000000000000000000000000000000000000000000000000
00000000000000000000000000000000000000000000000000000000000000000000000000000000000000000000000000000000000000000000000000000000000000000000000000000000000000000000000000000000000000000000000000000000
00000000000000000000000000000000000000000000000000000000000000000000000000000000000000000000000000000000000000000000000000000000000000000000000000000000000000000000000000000000000000000000000000000000
00000000000000000000000000000000000000000000000000000000000000000000000000000000000000000000000000000000000000000000000000000000000000000000000000000000000000000000000000000000000000000000000000000000
00000000000000000000000000000000000000000000000000000000000000000000000000000000000000000000000000000000000000000000000000000000000000000000000000000000000000000000000000000000000000000000000000000000
00000000000000000000000000000000000000000000000000000000000000000000000000000000000000000000000000000000000000000000000000000000000000000000000000000000000000000000000000000000000000000000000000000000
00000000000000000000000000000000000000000000000000000000000000000000000000000000000000000000000000000000000000000000000000000000000000000000000000000000000000000000000000000000000000000000000000000000
00000000000000000000000000000000000000000000000000000000000000000000000000000000000000000000000000000000000000000000000000000000000000000000000000000000000000000000000000000000000000000000000000000000
00000000000000000000000000000000000000000000000000000000000000000000000000000000000000000000000000000000000000000000000000000000000000000000000000000000000000000000000000000000000000000000000000000000
00000000000000000000000000000000000000000000000000000000000000000000000000000000000000000000000000000000000000000000000000000000000000000000000000000000000000000000000000000000000000000000000000000000
00000000000000000000000000000000000000000000000000000000000000000000000000000000000000000000000000000000000000000000000000000000000000000000000000000000000000000000000000000000000000000000000000000000
00000000000000000000000000000000000000000000000000000000000000000000000000000000000000000000000000000000000000000000000000000000000000000000000000000000000000000000000000000000000000000000000000000000
00000000000000000000000000000000000000000000000000000000000000000000000000000000000000000000000000000000000000000000000000000000000000000000000000000000000000000000000000000000000000000000000000000000
00000000000000000000000000000000000000000000000000000000000000000000000000000000000000000000000000000000000000000000000000000000000000000000000000000000000000000000000000000000000000000000000000000000
00000000000000000000000000000000000000000000000000000000000000000000000000000000000000000000000000000000000000000000000000000000000000000000000000000000000000000000000000000000000000000000000000000000
00000000000000000000000000000000000000000000000000000000000000000000000000000000000000000000000000000000000000000000000000000000000000000000000000000000000000000000000000000000000000000000000000000000
00000000000000000000000000000000000000000000000000000000000000000000000001000000000000000000000000000000000000000000000000000000000000000000000000000000000000000000000000000000000000000000000000000000
00000000000000000000000000000000000000000000000000000000000000000000000000100000000000000000000000000000001000000000000000000000000000000000000000000000000000000000000000000000000000000000000000000000
00000000000000000000000000000000000000000000000000000000000000000000000011000000000000000000000000000000001000000000000000000000000000000000000000000000000000000000000000000000000000000000000000000000
00000000000000000000000000000000000000000000000000000000000000000000000000100000000000000000000000000000000100000000000000000000000000000000000000000000000000000000000000000000000000000000000000000000
00000000000000000000000000000000000000000000000000000000000000000000000000100000000000000000000000000000100011100000000000000000000000000000000000000000000000000000000000000000000000000000000000000000
00000000000000000000000000000000000000000000000000000000000000000000001000110100000010000000000000000001000100000000000000000000000000000000000000000000000000000000000000000000000000000000000000000000
00000000000000000000000000000000000000000000000000000000000000000000010011001010000001001000000000000000100100000000000000000000000000000000000000000000000000000000000000000000000000000000000000000000
00000000000000000000000000000000000000000000000000000000000000000000001100110110010010000110000000000000010110000000000000000000000000000000000000000000000000000000000000000000000000000000000000000000
00000000000000000000000000000000000000000000000000000000000000000000000000010001100100000100000000000000001000000000000000000000000000000000000000000000000000000000000000000000000000000000000000000000
00000000000000000000000000000000000000000000000000000000000000000000000000000001010100000110100000000000001100000000000000000000000000000000000000000000000000000000000000000000000000000000000000000000
00000000000000000000000000000000000000000000000000000000000000000000000000000000001110001011110010000100010000000000001000000000000000000000000000000000000000000000000000000000000000000000000000000000
00000000000000000000000000000000000000000000000000000000000000000000000000000000000100000010000001010010100010000000010000000000000000000000000000000000000000000000000000000000000000000000000000000000
00000000000000000000000000000000000000000000000000000000000000000000000000000000000010010100000000100001010100000001110000000000000000000000000000000000000000000000000000000000000000000000000000000000
00000000000000000000000000000000000000000000000000000000000000000000000000000000000010100110000000010000001000000000010000000000000000000000000000000000000000000000000000000000000000000000000000000000
00000000000000000000000000000000000000000000000000000000000000000000000000000000000001000010000000011000101000010000100000000000000000000000000000000000000000000000000000000000000000000000000000000000
00000000000000000000000000000000000000000000000000000000000000000000000000000000000001100010000000001010010110100011000000000000000000000000000000000000000000000000000000000000000000000000000000000000
00000000000000000000000000000000000000000000000000000000000000000000000000000000001110011101000000000100010100011100000000000000000000000000000000000000000000000000000000000000000000000000000000000000
00000000000000000000000000000000000000000000000000000000000000000000000000000001010100000000100000000010101011100010000000000000000000000000000000000000000000000000000000000000000000000000000000000000
00000000000000000000000000000000000000000000000000000000000000000000000000000000100000000000101000000011110010000000000000000100000000000000000000000000000000000000000000000000000000000000000000000000
00000000000000000000000000000000000000000000000000000000000000000000000000000001000000000101010001000100000000000000000000000010000000000000000000000000000000000000000000000000000000000000000000000000
00000000000000000000000000000000000000000000000000000000000000000000000000000001000000000010001001001010000000000000000000000001000000000000000000000000000000000000000000000000000000000000000000000000
00000000000000000000000000000000000000000000000000000000000000000000000000000000000000000100000110010100000000000000000000000010110000000000000000010000000000000000000000000000000000000000000000000000
00000000000000000000000000000000000000000000000000000000000000000000000000000000000000000000000001011000000001000000000000000010000000000010000000100000000000000000000000000000000000000000000000000000
00000000000000000000000000000000000000000000000000000000000000000000000000000000000000000000000111010000000010000000000000010100000000000001000000100000010000000000000000000000000000000000000000000000
00000000000000000000000000000000000000000000000000000000000000000000000000000000000000000000000010100000000001010000000000101000000100000000100001100000010000000000000000000000000000000000000000000000
00000000000000000000000000000000000000000000000000000000000000000000000000000000000000000000000000100000000010100000000000011000000010001000100000011001101000000000000000000000000000000000000000000000
00000000000000000000000000000000000000000000000000000000000000000000100000000000000000000000000001100000000011000000001010100000000001010000100000100110010000000000000000000000000000000000000000000000
00000000000000000000000000000000000000000000000000000000000000000000011000000000000000000000000010101001000011010000000101001000000000100000010001000100000000000000000000000000000000000000000000000000
00000000000000000000000000000000000000000000000000000000000000000000000100000000000001000000000100010010000000100000001100110000000000010000001001001000000000000000000000000000000000000000000000000000
00000000000000000000000000000000000000000000000000000000000000000000000100000000000110000000000000001100000001000000000011000000000000011000000110000000000000000000000000000000000000000000000000000000
00000000000000000000000000000000000000000000000000000000000000001000000010000000000001000000000000000100000010100000010100100000000000010000001000000000000000000000000000000000000000000000000000000000
00000000000000000000000000000000000000000000000000000000000000101000000100000000000000100000000000000010001110010000001000000000000010001100110000000000000000000000000000000000000000000000000000000000
00000000000000000000000000000000000000000000000000000000000000010100000100000000000000010000000000000001000110000000110100000000000001010001100000000000000000000000000000000000000000000000000000000000
00000000000000000000000000000000000000000000000000100000000000100010011000000000000000010000000000000001001100000000011000000100000001100010000000000000000100000000000000000000000000000000000000000000
00000000000000000000000000000000000000000000000001000000000000000001100100000000000100001000000000000000110000000000101000000100000000010101000000000000001000000000000000000000000000000000000000000000
00000000000000000000000000000000000000001000000010000000000000000000000100000000000010001100001100000000100000000011000100001000000000001000110000000010010000000000000000000000000000000000000000000000
00000000000000000000000000000000000000010000000110000000000000000000000010100000000001000100000100100001000000000001010010101000010000010101010000000001101000000000000000000000000000000000000000000000
00000000000000000000000000000000000000001110100100000100000000000000001101000000000000111110000011110111000000000010100101110000101100100010011011110010001110000000000000000000000000000000000000000000
00000000000000000000000000000000000000010001011000000101000000000000011000100000000000000001000000010011100000000010000010010001001101010000000100100101001001000000000000000000000000000000000000000000
00000000000000000000000000000000000000100010000100000101100000000000100000100000000000000010101000100001000000011100000101000110100010000000000100011011000000100000000000000000000000000000000000000000
00000000000000000000000000000000000000000000011010000111000000000001000001010000000000011010100100010110111100000010000100000100000010000000000100000010000000010000000000000000000000000000000000000000
00000000000000000000000000000000000000000000101010000100100000000000000000001000000000101101000010001000010000000010000100001010000001100010000010000100000000000000000000000000000000000000000000000000
00000000000000000000000000000000000000000001000101001010000000000000000000001100000000000000100100010000000000000010010111010100000000011101100000000010000000000000000000000000000000000000000000000000
00000000000000000000000000000000000000000000000000110010000000000000000000110010000000000100101100100000000000000010010100100010000000010000010000000011000000000000000000000000000000000000000000000000
00000000000000000000000000000000000000000000000000101100000000000000000001000100001000000011010011100000000000000001101000010100000000010000000000000010000000000000000000000000000000000000000000000000
00000000000000000000000000000000000000000000000000001010000000000000000010000100100110000000000000100100000000000000110110001010100000000000000000000000000000000000000000000000000000000000000000000000
00000000000000000000000000000000000000000000000000000101000000000100000000000011000110000000000001111000000001011011000010000001000000000000000000000000000000000000000000000000000000000000000000000000
00000000000000000000000000000000000000000000000000000001000000000100000000000000100001000000000000010010000000110001000000000000110000000000000000000000000000000000000000000000000000000000000000000000
00000000000000000000000000000000000000000000000000000100100000001000000000000000011011000000100000110100000101101010000000000011000000000000000000000000000000000000000000000000000000000000000000000000
00000000000000000000000000000000000000000000000000000111000000001000000000000000100100100001010000001000110101010111111000000000000000000000000000000000000000000000000000000000000000000000000000000000
00000000000000000000000000000000000000000000000000000001000000110000000000000000101011100000010000110100001101010001101000000000000000000000000000000000000000000000000000000000000000000000000000000000
00000000000000000000000000000000000000001000000000001110000000010000000000000000001000010000011111000100001010101000010000000000000000000000000000000000000000000000000000000000000000000000000000000000
00000000000000000000000000000000000111010000000000001001000000110000000000000000000000011000010011010010010000000100000000000000000000001000000000000000000000000000000000000000000000000000000000000000
00000000000000000000000000000000000000101010001100000110110000100000010000000000000000101001001000100100110000000100000000000000000000101000000000000000000000000000000000000000000000000000000000000000
00000000000000000000000000000000000001000100000010000100010011010001010000000000000000001110000001011000101100000010000000000000000000011001000000000000000000000000000000000000000000000000000000000000
00000000000000000000000000000000000010001010010100000001101100101000100000000000000000111101000000001000100010010000000000000000000000100000101000000000000000000000000000000000000000000000000000000000
00000000000000000000000000000000000000010010001000000001010000000101010000001001100001110001000100010000100001110000000000000000000000010011010000000000000000000000000000000000000000000000000000000000
00000000000000000000000000000000000000100001010100000110000000000011010000000111000110000000100010001111000001001100000000000000000001101100010000000000000000000000000000000000000000000000000000000000
00000000000000000000000000000000000000000000100010111110000000000101001000110100100010000000010111100100000000101110000001000000001110010000000000000000000000000000000000000000000000000000000000000000
00000000000000000000000000000000000000000001000011001001000000000010111011101010000000000000001100011110000001000100101001100000010100000000000000000000100000000000000000000000000000000000000000000000
00000000000000000000000000000000000000000001000000000000000000000000101000010001010100000000000110000101110000000011111011000000001000000000000000000001000000000000000000000000000000000000000000000000
00000000000000000000000000000000000000100010000000000000000000000000000101100010100010100000000000000011010000000110000100100000010000000000000000000101000000000000000000000000000000000000000000000000
00000000000000000000000000000000000011011110000000000000000000011000001111000001011001011000010010011100101011000000000000011100010000000000000000000010000000000000000000000000000000000000000000000000
00000000000000000000000000000000000010110001000000000000000000000100101001000000111010100111110101100010000110000000000000001000100100000000000000000011100000000000000000000000000000000000000000000000
00000000000000000000000000000000000000001000110000000000000000000100010000000000100100000000001010010110000010000000000000010101100100100000000000000010000000000000000000000000000000000000000000000000
00000000000000000000000000000000000000000000000000000000000000001010100000000001001000000000010001001010000011000000000000000010010111000000000000000100000000000000000000000000000000000000000000000000
00000000000000000000000000000000000000000000000000000000000000000001000000000000100000010100110000011101000100010000000000000101001001011000000101001001000000000000000000000000000000000000000000000000
00000000000000000000000000000000000000000000001000000000000000000010000000000000000000001011100000010101100000110000000100000000101000100001001001010110100000000000000000000000000000000000000000000000
00000000000000000000000000000000000000000000010100000000000000000010000000000000000000001101100000101000000000011000001000000001010000011101010110100101000000000000000000000000000000000000000000000000
00000000000000000000000000000000000000000000000100000000111000000000000000000100000000010011000001001100010110100001110100000000000000110010110000010000000000000000000000000000000000000000000000000000
00000000000000000000000000000000000000000000000010000000010000000000000000000010000010110100000110000011001001011110000000000000000000010000001100011000000000000000000000000000000000000000000000000000
00000000000000000000000000000000000000100000000110000000110000000000000000000100000001000100000101010001010100001100000000000000000000000000000011000000000000000000000000000000000000000000000000000000
00000000000000000000000000000000000000010000100010000000001000000000000000000011011011000000000000011101100000010010000000000000000000000000000001000000000000000000000000000000000000000000000000000000
00000000000000000000000000000000000000011101000101101000101101000000000000000100101100000000000000000010011101000011100000100000000000000000000010000000000000000000000000000000000000000000000000000000
00000000000000000000000000000000000000100111011000010001010010100000000000000000101100000000000000010100010010000010010011010000000000000000000000000000000000000000000000000000000000000000000000000000
00000000000000000000000000000000000101000010100000011010000000010000000000010000110010000000000000001010000001100000001101100101000000000000000000000000000000000000000000000000000000000000000000000000
00000000000000000000000000000000000010000100010001100100000000101000000100001001100100000000000000110010000111010100001011011010100000000000000000000000000000000000000000000000000000000000000000000000
00000000000000000000000000000000000000000000000001000010000000010100000011111011010011100000000001100101000010001000010010000000010000000000000000000000000000000000000000000000000000000000000000000000
00000000000000000000000000000000000000000000000000000010000001100011000100001100010010000000000011001000100010000100110001000000000001110000010000000000000000000000000000000000000000000000000000000000
00000000000000000000000000000000000000000000000000000100000001000001011000001010000010000000001101000001000010000001100000111001100010000000011110000000000000000000000000000000000000000000000000000000
00000000000000000000000000000000000000000000000000000000000000000100100000110000000010000000001010000010000110000000000000001010000110000000100001100000000000000000000000000000000000000000000000000000
00000000000000000000000000000000000000000000000000000000000000000011110001010000000100000000000001000010010110000000000001010100001001000001000001000000000000000000000000000000000000000000000000000000
00000000000000000000000000000000000000000000000000000000111100000001100000100000001000000000000010100000001001100000000001101011011100111010100000000000000000000000000000000000000000000000000000000000
00000000000000000000000000000000000000000000000000000000011000000010000001010000000000000101000101010000000100100000000001010010100111010100010000000000000000000000000000000000000000000000000000000000
00000000000000000000000000000000000000100000000000000000010000000101000000000000000000000110101001000000000000100000000001000000110000010010000000000000000000000000000000000000000000000000000000000000
00000000000000000000000000000000000000010100000000000000010000101100100000000000000000000000010110000000000000000000000101100000101000101000000000000000000000000000000000000000000000000000000000000000
00000000000000000000000000000000000000001010000000000000111010010100011000000000000000000000001001000000000000000000000010010010010000000100000000000000000000000000000000000000000000000000000000000000
00000000000000000000000000000000000000000001100000000010100101100100100000000000000000000101001000100010000000000000000000100001101000000000000000000000000000000000000000000000000000000000000000000000
00000000000000000000000000000000000000000001011100110001000000011000110000000000000000000011010100011101000000000000000000010011001101100000000000000000000000000000000000000000000000000000000000000000
00000000000000000000000000000000000000000000000101001100100000010000100000000000000000000000100000000010111000000000000000000010000010010001100000000000000000000000000000000000000000000000000000000000
00000000000000000000000000000000000000000000001010000011010000010000100000000000000000001001100000000110001000000000000000000010000100001010000000000000000000000000000000000000000000000000000000000000
00000000000000000000000000000000000000000000001000001010001000101000000000000000000001000101010000001001001000000000000000000001000010110101000000000000000000000000000000000000000000000000000000000000
00000000000000000000000000000000000000000000000000110110000000010000000000000000000001001010000000010011000101000000000000000000110010000100000000000000000000000000000000000000000000000000000000000000
00000000000000000000000000000000000000000000000001000100000011100000000000000000000000111101000000100001001010100000000000000001000001001010000000000000000000000000000000000000000000000000000000000000
00000000000000000000000000000000000000000001001010110010000001010000000000000000000000100100000000011000000100000000000000000010100010000001000000000000000000000000000000000000000000000000000000000000
00000000000000000000000000000000000000000001010101100000001010011100101000000000000000001000000000010110000000000000000000000101010001000001000000000000000000000000000000000000000000000000000000000000
00000000000000000000000000000000000000000000100100010000000100110011010100000000000000000100000001101000000000000000000000000000000000100000000000000000000000000000000000000000000000000000000000000000
00000000000000000000000000000000000000000011001000001000000000010100001010000000000001001100000000100110100100000000000000000000000000010000000000000000000000000000000000000000000000000000000000000000
00000000000000000000000000000000000000000010001000000000000000100000010000000000000010101000000000000101010010100000000000000000000000111000000000000000000000000000000000000000000000000000000000000000
00000000000000000000000000000000000001000100010100000000000001000000101000000000000100010000000000001000101101010000000000000000000000000100000000000000000000000000000000000000000000000000000000000000
00000000000000000000000000000000000001010100100100000000000000100001001000000000000000001000000000011000100000100000000000000000000000000000000000000000000000000000000000000000000000000000000000000000
00000000000000000000000000000000000000101000100000000000000001000010000100000000000001010000000011010100100000000000000000000000000000000000000000000000000000000000000000000000000000000000000000000000
00000000000000000000000000000000001011110000100000000000000010000000000010000000000000101000000000100010011010000000000000000000000000000000000000000000000000000000000000000000000000000000000000000000
00000000000000000000000000000000000100000001010000000000000010000000000000000000000001001100011001100000000100000000000000000000000000000000000000000000000000000000000000000000000000000000000000000000
00000000000000000000000000000000001000000001000000000000000110000000000000000000000001000100100110000000001011000000000000000000000000000000000000000000000000000000000000000000000000000000000000000000
00000000000000000000000000000000000000000010100000000000000001000000000000000000000010001000001001010000000001000000000000000000000000000000000000000000000000000000000000000000000000000000000000000000
00000000000000000000000000000000000000001100100000000000000000100000000000000000000000000000010001100000000010100000000000000000000000000000000000000000000000000000000000000000000000000000000000000000
00000000000000000000000000000000000000010011000000000000000000010000000000000000000000000000000010000000000000010000000000000000000000000000000000000000000000000000000000000000000000000000000000000000
00000000000000000000000000000000000000000000100000000000000000100000000000000000000000000000000101000000000000100000000000000000000000000000000000000000000000000000000000000000000000000000000000000000
00000000000000000000000000000000000000000000000000000000000000000000000000000000000000000000001100100000000000000000000000000000000000000000000000000000000000000000000000000000000000000000000000000000
00000000000000000000000000000000000000000000000000000000000000000000000000000000000000000000000100110000000000000000000000000000000000000000000000000000000000000000000000000000000000000000000000000000
00000000000000000000000000000000000000000000000000000000000000000000000000000000000000000000000001001010000000000000000000000000000000000000000000000000000000000000000000000000000000000000000000000000
00000000000000000000000000000000000000000000000000000000000000000000000000000000000000000000000010100100000000000000000000000000000000000000000000000000000000000000000000000000000000000000000000000000
00000000000000000000000000000000000000000000000000000000000000000000000000000000000000000000000100000110000001000000000000000000000000000000000000000000000000000000000000000000000000000000000000000000
00000000000000000000000000000000000000000000000000000000000000000000000000000000000000000000000010001001000010000000000000000000000000000000000000000000000000000000000000000000000000000000000000000000
00000000000000000000000000000000000000000000000000000000000000000000000000000000000000000000010100010010000100000000000000000000000000000000000000000000000000000000000000000000000000000000000000000000
00000000000000000000000000000000000000000000000000000000000000000000000000000000000000000001101000100001101000000000000000000000000000000000000000000000000000000000000000000000000000000000000000000000
00000000000000000000000000000000000000000000000000000000000000000000000000000000000000011100000100010000010000000000000000000000000000000000000000000000000000000000000000000000000000000000000000000000
00000000000000000000000000000000000000000000000000000000000000000000000000000000000000000010000100101000001100000000000000000000000000000000000000000000000000000000000000000000000000000000000000000000
00000000000000000000000000000000000000000000000000000000000000000000000000000000000000000001111000000000010100100000000000000000000000000000000000000000000000000000000000000000000000000000000000000000
00000000000000000000000000000000000000000000000000000000000000000000000000000000000000000001001000000110101001000000000000000000000000000000000000000000000000000000000000000000000000000000000000000000
00000000000000000000000000000000000000000000000000000000000000000000000000000000000000000000010100000001000110000000000000000000000000000000000000000000000000000000000000000000000000000000000000000000
00000000000000000000000000000000000000000000000000000000000000000000000000000000000000011000100000000010000001000000011100100000000000000000000000000000000000000000000000000000000000000000000000000000
00000000000000000000000000000000000000000000000000000000000000000000000000000000000000000101100000000000000000100001010000010000000000000000000000000000000000000000000000000000000000000000000000000000
00000000000000000000000000000000000000000000000000000000000000000000000000000000000000000010000000000000000001100001100000101000010000000000000000000000000000000000000000000000000000000000000000000000
00000000000000000000000000000000000000000000000000000000000000000000000000000000000000000000000000000000000000011110011001000001101000000000000000000000000000000000000000000000000000000000000000000000
00000000000000000000000000000000000000000000000000000000000000000000000000000000000000000000000000000000010000100100010011101110000000000000000000000000000000000000000000000000000000000000000000000000
00000000000000000000000000000000000000000000000000000000000000000000000000000000000000000000000000000000001011011000001100010000000000000000000000000000000000000000000000000000000000000000000000000000
00000000000000000000000000000000000000000000000000000000000000000000000000000000000000000000000000000000010100001000001010000000000000000000000000000000000000000000000000000000000000000000000000000000
00000000000000000000000000000000000000000000000000000000000000000000000000000000000000000000000000000000100100001000001001101100000000000000000000000000000000000000000000000000000000000000000000000000
00000000000000000000000000000000000000000000000000000000000000000000000000000000000000000000000000000000000000001100000100010000000000000000000000000000000000000000000000000000000000000000000000000000
00000000000000000000000000000000000000000000000000000000000000000000000000000000000000000000000000000000000000010000000010000000000000000000000000000000000000000000000000000000000000000000000000000000
00000000000000000000000000000000000000000000000000000000000000000000000000000000000000000000000000000000000001100000000001000000000000000000000000000000000000000000000000000000000000000000000000000000
00000000000000000000000000000000000000000000000000000000000000000000000000000000000000000000000000000000000010010000000001100000000000000000000000000000000000000000000000000000000000000000000000000000
00000000000000000000000000000000000000000000000000000000000000000000000000000000000000000000000000000000000010001000000010011000000000000000000000000000000000000000000000000000000000000000000000000000
00000000000000000000000000000000000000000000000000000000000000000000000000000000000000000000000000000001010100111100000000011000000000000000000000000000000000000000000000000000000000000000000000000000
00000000000000000000000000000000000000000000000000000000000000000000000000000000000000000000000000000000111010011011000000000000000000000000000000000000000000000000000000000000000000000000000000000000
00000000000000000000000000000000000000000000000000000000000000000000000000000000000000000000000000000001101001000000000000000000000000000000000000000000000000000000000000000000000000000000000000000000
00000000000000000000000000000000000000000000000000000000000000000000000000000000000000000000000000000000000000100000000000000000000000000000000000000000000000000000000000000000000000000000000000000000
00000000000000000000000000000000000000000000000000000000000000000000000000000000000000000000000000000000000000010000000000000000000000000000000000000000000000000000000000000000000000000000000000000000
00000000000000000000000000000000000000000000000000000000000000000000000000000000000000000000000000000000000000000000000000000000000000000000000000000000000000000000000000000000000000000000000000000000
00000000000000000000000000000000000000000000000000000000000000000000000000000000000000000000000000000000000000000000000000000000000000000000000000000000000000000000000000000000000000000000000000000000
00000000000000000000000000000000000000000000000000000000000000000000000000000000000000000000000000000000000000000000000000000000000000000000000000000000000000000000000000000000000000000000000000000000
00000000000000000000000000000000000000000000000000000000000000000000000000000000000000000000000000000000000000000000000000000000000000000000000000000000000000000000000000000000000000000000000000000000
00000000000000000000000000000000000000000000000000000000000000000000000000000000000000000000000000000000000000000000000000000000000000000000000000000000000000000000000000000000000000000000000000000000
00000000000000000000000000000000000000000000000000000000000000000000000000000000000000000000000000000000000000000000000000000000000000000000000000000000000000000000000000000000000000000000000000000000
00000000000000000000000000000000000000000000000000000000000000000000000000000000000000000000000000000000000000000000000000000000000000000000000000000000000000000000000000000000000000000000000000000000
00000000000000000000000000000000000000000000000000000000000000000000000000000000000000000000000000000000000000000000000000000000000000000000000000000000000000000000000000000000000000000000000000000000
00000000000000000000000000000000000000000000000000000000000000000000000000000000000000000000000000000000000000000000000000000000000000000000000000000000000000000000000000000000000000000000000000000000
00000000000000000000000000000000000000000000000000000000000000000000000000000000000000000000000000000000000000000000000000000000000000000000000000000000000000000000000000000000000000000000000000000000
00000000000000000000000000000000000000000000000000000000000000000000000000000000000000000000000000000000000000000000000000000000000000000000000000000000000000000000000000000000000000000000000000000000
00000000000000000000000000000000000000000000000000000000000000000000000000000000000000000000000000000000000000000000000000000000000000000000000000000000000000000000000000000000000000000000000000000000
00000000000000000000000000000000000000000000000000000000000000000000000000000000000000000000000000000000000000000000000000000000000000000000000000000000000000000000000000000000000000000000000000000000
00000000000000000000000000000000000000000000000000000000000000000000000000000000000000000000000000000000000000000000000000000000000000000000000000000000000000000000000000000000000000000000000000000000
00000000000000000000000000000000000000000000000000000000000000000000000000000000000000000000000000000000000000000000000000000000000000000000000000000000000000000000000000000000000000000000000000000000
00000000000000000000000000000000000000000000000000000000000000000000000000000000000000000000000000000000000000000000000000000000000000000000000000000000000000000000000000000000000000000000000000000000
00000000000000000000000000000000000000000000000000000000000000000000000000000000000000000000000000000000000000000000000000000000000000000000000000000000000000000000000000000000000000000000000000000000
00000000000000000000000000000000000000000000000000000000000000000000000000000000000000000000000000000000000000000000000000000000000000000000000000000000000000000000000000000000000000000000000000000000
00000000000000000000000000000000000000000000000000000000000000000000000000000000000000000000000000000000000000000000000000000000000000000000000000000000000000000000000000000000000000000000000000000000
00000000000000000000000000000000000000000000000000000000000000000000000000000000000000000000000000000000000000000000000000000000000000000000000000000000000000000000000000000000000000000000000000000000
00000000000000000000000000000000000000000000000000000000000000000000000000000000000000000000000000000000000000000000000000000000000000000000000000000000000000000000000000000000000000000000000000000000
00000000000000000000000000000000000000000000000000000000000000000000000000000000000000000000000000000000000000000000000000000000000000000000000000000000000000000000000000000000000000000000000000000000
